function Lfy = hzd_Lfy(q1,q2,q3,dq1,dq2,dq3)
%HZD_LFY
%    LFY = HZD_LFY(Q1,Q2,Q3,DQ1,DQ2,DQ3)

%    This function was generated by the Symbolic Math Toolbox version 8.2.
%    29-Nov-2018 18:19:31

t2 = q1.^2;
t3 = t2.^2;
Lfy = [-dq3+dq1.*(q1.*7.417866436831937e-1-t2.*6.337540748162088+t3.*5.093312508254055e1+q1.*t2.*5.253160347482743e-1-q1.*t3.*1.255989240213771e2+t2.*t3.*7.988321279610192e1+4.09989700010116e-2);dq2-dq3+dq1.*(q1.*7.129711526784891-t2.*2.083651239820584e1+t3.*1.046276893894757e2-q1.*t2.*9.226984907292362-q1.*t3.*2.658946169427577e2+t2.*t3.*1.285238570461861e2+1.504461068584838)];
